Angola 11.679219 4.372592 24.082119 18.042076
Benin 0.774575 -12.418346 2.211612 -10.441552
Botswana 19.999535 17.780813 22.499834 22.191359
Burundi 28.993061 2.310123 29.615896 3.26351
Cameroon 8.494763 -13.078056 16.192116 -1.652548
Cape Verde -25.358747 -17.197178 -22.669443 -14.808022
Central African Rep 14.420097 -11.007569 19.953405 -4.98777
Chad 13.473475 -23.450369 17.774702 -17.808641
Comoros 43.21579 11.362382 44.538223 12.413821
Congo 11.205009 -3.703082 15.693415 2.010751
Djibouti 41.773441 -12.706836 42.592216 -11.919296
Egypt 24.698099 -31.667345 35.817833 -21.725389
Equatorial Guinea 8.423114 -3.78598 11.335724 -0.872849
Ethiopia 32.999939 -18.003086 47.986179 -3.402422
Gabon 8.695471 -2.322612 14.502347 3.978806
Gambia -16.825079 -13.826571 -16.131987 -13.492468
Ghana -3.25542 -11.173301 -1.415155 -7.808642
Guinea-Bissau -16.717535 -12.680788 -13.636522 -10.85997
Guinea -15.086256 -12.67622 -7.641071 -7.193552
Ivory Coast -8.599302 -10.736642 -6.071546 -4.967894
Kenya 33.908859 -4.629333 41.899078 4.678047
Lesotho 27.029068 28.572058 28.337877 29.490231
Liberia -11.492083 -8.551791 -8.923755 -6.107194
Libya 9.38702 -33.169006 25.15062 -19.508043
Madagascar 43.19138 11.945433 50.48378 25.60895
Malawi 32.67395 9.367541 34.30962 14.026114
Mali -12.242614 -25 -4.36021 -15.318558
Mauritania -17.066521 -27.298073 -4.835202 -14.715546
Mauritius 57.302628 16.743279 59.57663 20.525717
Mayotte 45.014618 12.633837 45.29295 13.000132
Morocco -13.168586 -35.928017 -0.991742 -27.662115
Mozambique 30.217319 10.471884 40.844471 26.868685
Namibia 11.71563 16.959894 25.256701 28.97143
Niger 0.16625 -23.525028 7.5 -17.808641
Nigeria 2.668432 -13.892007 14.680073 -4.277144
Reunion 55.219086 20.856855 55.502617 21.082285
Rwanda 28.856794 1.053481 29.982073 1.83661
Senegal -17.535236 -16.691633 -11.355887 -12.307275
Seychelles 50.716152 3.711519 56.279507 9.543755
Sierra Leone -13.307631 -10 -11.496679 -6.928689
Somalia 40.988632 -11.985203 51.413033 1.662053
South Africa 16.458021 22.126612 32.895973 34.839828
St -5.792052 15.89719 -5.706743 15.950736
Sudan 21.838947 -23.623577 38.580036 -3.48639
Swaziland 30.794107 25.719648 31.457241 26.421103
Tanzania 29.327168 0.990736 40.443222 11.745696
Togo -0.147324 -11.138977 1.180958 -8.292677
Tromelin Island 54.513561 15.879728 54.519962 15.885782
Tunisia 7.524827 -37.54393 11.59827 -30.240431
Uganda 29.573252 -4.214427 32.677185 -1.307974
Western Sahara -17.103182 -27.669674 -8.670276 -20.774158
Zaire 12.206631 -5.386098 31.305912 13.455676
Zambia 21.999371 8.22436 27.089794 13.441358
Zimbabwe 25.237028 15.608834 27.89035 18.631329
Armenia 43.44978 -41.301838 46.630035 -38.830521
Azerbaijan 45 -41.90564 50.607845 -38.397045
Bahrain 50.385849 -26.282597 50.643097 -25.796856
Bangladesh 88.028336 -26.631954 92.67366 -20.585249
Bhutan 88.75972 -28.323778 90.459549 -27.228777
Brunei 114.071457 -5.047173 115.359444 -4.296721
Burma Myanmar 92.189278 -28.543259 101.176781 -9.60036
Cambodia 102.340004 -14.686404 107.627716 -9.283256
China 73.557701 -53.560856 134.773926 -20.228483
Christmas Island 105.538948 10.415787 105.628822 10.486423
Gaza Strip 34.230457 -31.594067 34.382622 -31.431704
Georgia ssr 40.010239 -43.584541 44.419056 -41.712025
Hong Kong 113.837738 -22.559788 114.434746 -22.153242
India 67.390976 -35.504211 97.403297 -8.069007
Iran 44.047264 -39.777222 63.317459 -25.064087
Iraq 38.804081 -37.37804 47.97187 -30.01124
isa-Neutral Zone 44.718735 -29.474958 45.537304 -29.097021
Israel 34.268009 -33.282181 35.114761 -31.752979
Japan 122.938515 -45.523136 145.820877 -20.528774
Jordan 34.960011 -33.37191 37.062687 -31.894098
Kazakhstan 46.491856 -55.431812 87.31266 -40.936329
Kuwait 46.557587 -30.095953 48.431469 -28.524614
Kyrgyzstan 69.276619 -43.238235 80.28318 -39.172844
Laos 100.093056 -22.500399 102.5783 -19.296808
Lebanon 35.114269 -34.691406 35.977764 -33.973713
Macau 113.528946 -22.222342 113.591042 -22.110674
Malaysia 98.935036 -7.363407 119.267502 -0.855222
Maldives 72.683899 -7.098363 73.706177 0.692702
Mongolia 87.749664 -52.154247 102.5 -47.808643
Nepal 80.056282 -30.433393 82.655602 -28.648069
North Korea 124.188637 -43.006042 130.674866 -37.597309
Oman 51.882011 -24.98312 59.836578 -16.645761
Pakistan 60.878597 -37.097012 77.840904 -23.694683
Paracel Islands 111.193253 -15.789304 111.201675 -15.783212
Philippines 116.931564 -21.120621 126.60154 -4.952925
Qatar 50.744263 -26.177586 52.427586 -24.482944
Russia -180 -81.265327 180 -41.188866
Saudi Arabia 34.495686 -32.221306 55.666588 -15.614254
Singapore 103.638283 -1.471272 104.090042 -1.164038
South Korea 125.086571 -38.612442 129.584656 -33.10611
Sri Lanka 79.652924 -9.831354 81.881279 -5.916833
Svalbard 10.490713 -80.834053 33.497093 -76.436287
Syria 35.727234 -37.319145 38.569344 -35.164059
Taiwan 119.307869 -25.29826 122.000443 -21.9018
Tajikistan 67.387131 -41.042244 75.137222 -36.674137
Thailand 97.345627 -20.463186 105.639381 -5.610009
Turkey 25.66851 -42.107601 44.834988 -35.815426
Turkmenistan 52.441433 -42.795551 66.684303 -35.141094
Ukraine 22.128899 -52.375374 40.218071 -44.390419
United Arab Emirates 51.113113 -26.078848 56.375072 -22.497065
Uzebkistan 55.996635 -45.60519 71.22934 -39.395493
Vietnam 102.148209 -23.388834 109.464638 -8.408259
West Bank 34.883945 -32.551567 35.269035 -32.02586
Yemen 41.816048 -19.002331 54.53054 -11.71359
Australia 112.911064 10.017428 153.639236 43.643974
Baker Island -176.484787 -0.206694 -176.479019 -0.201156
Cocos Islands 96.821274 11.803915 96.936096 12.18543
Cook Islands -159.839417 18.826448 -157.331757 21.944166
Fiji -180.000061 12.480116 180 20.67597
French Polynesia -154.688171 7.828246 -134.878342 27.653572
Guam 144.619247 -13.652323 144.789337 -13.472018
Howland Island -176.645081 -0.812214 -176.640808 -0.803242
Indonesia 95.009331 -5.904409 141.021805 11.00485
Jarvis Island -160.033127 0.368995 -160.019867 0.380386
Kiribati 172.680008 -3.39172 176.850128 2.673031
Nauru 166.899017 0.504297 166.92395 0.525339
New Caledonia 163.564667 19.549765 168.953857 22.714643
New Zealand 166.419724 34.135521 178.553558 48.019508
Niue -169.951004 18.951069 -169.853607 19.039215
Norfolk Island 168.00798 28.994932 168.057922 29.119368
Palmyra Atoll -162.460922 -5.890213 -162.430954 -5.877115
Papua New Guinea 140.842865 0.877892 159.478195 11.657854
Pitcairn Island -128.346436 24.315866 -128.315567 24.362713
Republic of Palau 132.308167 -7.732102 134.653717 -4.323276
Solomon Islands 155.508621 5.078295 168.843506 12.291901
Tasmania 143.817612 39.581314 148.480545 43.643974
Tonga -176.212631 20.008986 -174.520767 22.345718
Trust Territory 143.842758 -7.382185 143.912964 -7.32107
Tuvalu 176.064865 5.641982 179.863373 9.436204
Vanuatu 166.524979 13.073441 170.234787 20.183758
Wake Island 166.593323 -19.320169 166.654526 -19.269537
Wallis -178.206787 13.214251 -176.161652 14.387791
Western Samoa -172.798599 13.432207 -171.409317 14.063534
Andorra 1.422104 -42.658707 1.581126 -42.560703
Austria 9.535914 -49.017063 14.999467 -49.0084
Belarus 23.176876 -56.165806 29.086666 -52.646099
Belgium 2.546947 -51.505436 4.385598 -49.988728
Bulgaria 22.371159 -44.217648 25.209202 -42.955627
Cyprus 32.273087 -35.701538 33.4193 -35.218689
Czechoslovakia 12.096195 -51.058887 17.533485 -49.004295
Denmark 8.075603 -57.748409 15.158836 -54.562382
Estonia 21.773455 -59.687958 28.214777 -57.51619
Faeroe Islands -7.681248 -62.400745 -6.25861 -61.394936
Finland 19.317701 -70.096054 31.580946 -59.767578
France -5.142231 -51.092812 9.561553 -41.338783
Germany 5.865627 -55.055649 15 -47.275787
Gibraltar -5.357257 -36.159798 -5.34702 -36.136272
Greece 19.374439 -41.757412 28.246399 -34.809639
Guernsey -2.682483 -49.514698 -2.351274 -49.412781
Hungary 16.111889 -48.585655 18.257931 -47.148296
Iceland -24.546524 -66.563774 -13.495815 -63.286755
Ireland -10.618123 -55.436504 -6.002382 -51.424545
Isle of Man -4.830181 -54.419731 -4.52757 -54.04464
Italy 6.614898 -47.095207 18.513453 -35.492207
Jan Mayen -9.079889 -71.163841 -8.242405 -71.012238
Jersey -2.260019 -49.26506 -2.131878 -49.223324
Latvia 20.974266 -58.082306 26.362421 -57.024559
Liechtenstein 9.477816 -47.27354 9.571729 -47.123714
Lithuania 20.941515 -56.446899 26.871943 -53.901302
Luxembourg 5.73455 -50.184952 6.163838 -49.75745
Malta 14.191582 -36.082016 14.577627 -35.810291
Moldova 26.618887 -48.49017 28.932985 -46.890694
Monaco 7.395747 -43.769516 7.420766 -43.7505
Netherlands 3.36255 -53.625237 7.227938 -50.753929
Norway 4.650158 -71.18811 31.138197 -57.966579
Poland 14.122989 -54.839138 24.150745 -49.006367
Portugal -9.495944 -42.145645 -6.18269 -36.961258
Romania 20.269951 -48.266937 29.691048 -43.627293
San Marino 12.401868 -43.999805 12.456886 -43.955147
Spain -9.290776 -43.791721 4.315392 -35.18528
Sweden 10.986734 -69.0625 24.163282 -55.337124
Switzerland 5.957461 -47.805336 10.491468 -45.825695
United Kingdom -8.650678 -60.845798 1.759002 -49.708691
Yugoslavia 13.383071 -46.877914 23.038143 -40.860203
Alabama -88.75808 -35 -84.898415 -30.192799
Alaska -179.141251 -71.390656 -129.989868 -51.216236
Alberta -120 -60.000393 -116.086899 -53.199604
Arizona -114.814613 -37.008068 -112.353981 -33.391022
Arkansas -94.616966 -36.508152 -92.718933 -34.128654
Bahamas -79.623009 -27.232027 -72.711594 -20.916067
Bermuda -64.896049 -32.393833 -64.651993 -32.246639
British Columbia -139.053223 -60.000435 -114.052025 -48.307865
British Virgin Islands -64.783005 -18.757221 -63.240574 -18.277819
California -124.405434 -42.018299 -114.138184 -32.534622
Canada -141 -83.110619 -52.636292 -41.708298
Clipperton Island -109.233292 -10.31345 -109.204445 -10.285995
Colorado -109.060081 -41.01366 -105.549385 -38.901295
Connecticut -73.7257 -42.054665 -71.973114 -41.326126
Delaware -75.787094 -39.839108 -74.948151 -38.439514
Florida -87.63266 -31.019085 -80.0308 -24.527254
Georgia -85.609421 -35 -80.845078 -30.35747
Greenland -73.263466 -83.627419 -13.301965 -59.777267
Grenada -61.799976 -12.319394 -61.569077 -11.992374
Guadeloupe -63.152767 -18.130697 -61 -15.830973
Hawaii -164.70726 -23.586817 -154.809937 -18.913685
Idaho -117.233162 -49.001949 -114.008949 -43.88047
Illinois -91.506569 -42.506908 -87.418869 -36.979046
Indiana -88.090141 -41.76059 -84.798676 -37.771732
Iowa -96.642624 -43.506187 -92.599075 -42.132481
Kansas -102.054207 -40 -97.449669 -38.734623
Kentucky -89.417618 -39.142914 -84.11348 -37.376965
Louisiana -94.048248 -33.028206 -88.814209 -28.920286
Maine -71.081062 -47.458649 -66.954811 -43.069405
Manitoba -102.002243 -60.000271 -97.583664 -52.808643
Martinique -61.230118 -14.878819 -60.852283 -14.597832
Maryland -79.49054 -39.716148 -75.050896 -37.91671
Massachusetts -73.506645 -42.888783 -69.931847 -41.235947
Mexico -118.453949 -32.716759 -86.703392 -14.532866
Michigan -90.408195 -48.299557 -82.12429 -41.695038
Midway Islands -178.314697 -28.398392 -171.718918 -25.752836
Minnesota -97.237404 -49.388611 -90 -43.498486
Mississippi -91.644531 -35 -88.104118 -30.170546
Missouri -95.776878 -40.611164 -92.489937 -38.365788
Montana -116.05117 -49.000771 -110.232918 -44.996086
Montserrat -62.242584 -16.817329 -62.197624 -16.716925
Navassa Island -75.028229 -18.420996 -75.010994 -18.410349
Nebraska -104.057571 -43.003284 -100.08622 -41.713417
Netherlands Antilles -70 -12.580292 -68.192307 -11.973197
Nevada -120 -42.008373 -116.212143 -37.855633
New Brunswick -69.054314 -48.065311 -63.777946 -44.567482
New Hampshire -72.55864 -45.309319 -71.677994 -43.50201
New Jersey -75.57032 -41.361782 -73.902679 -38.922741
New Mexico -109.053749 -37.004051 -107.020691 -33.391178
New York -79.760414 -45.008446 -71.859978 -40.498177
Newfoundland -67.816505 -60.372677 -52.636292 -46.61433
North Carolina -84.317627 -36.588139 -75.46389 -33.84309
North Dakota -104.04689 -48.997662 -102.023438 -47.655193
Northwest Territories -136.441971 -83.110619 -61.134811 -51.173603
Nova Scotia -66.391861 -47.048199 -59.692562 -43.391842
Ohio -84.819656 -42.320152 -80.5149 -38.397022
Oklahoma -103.006676 -37.006718 -97.242882 -35.574001
Ontario -95.169151 -56.859173 -74.32299 -41.67598
Oregon -124.561386 -46.285622 -116.466911 -41.999477
Pennsylvania -80.524895 -42.509605 -74.69265 -39.709286
Quebec -79.765427 -62.585182 -57.096817 -45
Rhode Island -71.895119 -42.021149 -71.120789 -41.149639
Saskatchewan -110 -60.000175 -106.587196 -53.245514
South Carolina -83.357872 -35.205162 -78.556953 -32.01651
South Dakota -104.064842 -45.944088 -100.257561 -43.681953
St -61.07415 -14.103245 -60.965816 -13.928767
Tennessee -90.315376 -36.681068 -87.716675 -35.933235
Texas -106.632271 -36.496498 -93.508881 -25.835548
Utah -114.060295 -42.012669 -111.400139 -38.843143
Vermont -73.43499 -45 -72.749962 -44.019413
Virgin Islands -65.086281 -18.458143 -64.565178 -17.681725
Virginia -83.677483 -39.455414 -75.246536 -36.536381
Washington -124.733253 -49.002888 -116.913567 -45.550552
West Virginia -82.653419 -40.630112 -80.489395 -38.846397
Wisconsin -92.88163 -47.304222 -86.261337 -42.4935
Wyoming -111.057991 -45.013466 -107.5 -43.246983
Yukon Territory -141 -69.644768 -124.001381 -60
Alagoas -38.241566 8.815171 -36.74342 9.630655
Amapa -54.794765 -4.397033 -49.863491 1.217854
Amazonas -73.796562 -2.193219 -63.837814 3.501513
Anguilla -63.172901 -18.303244 -62.948177 -18.166815
Argentina -73.577782 21.781277 -53.591835 55.061314
Bahia -46.57383 8.525993 -37.360706 18.343838
Barbados -59.648922 -13.327257 -59.529697 -13.129173
Belize -89.224815 -18.496557 -86.874451 -16.069366
Bolivia -69.640762 9.680567 -62.5 17.191359
Brazil -73.985535 -5 -34.790123 33.750706
Cayman Islands -81.432777 -19.761698 -79.727272 -19.306143
Ceara -41.431435 2.786886 -37.247375 7.864349
Chile -75.71032 17.507553 -66.417557 55.979496
Colombia -79.047226 -12.463308 -66.869835 4.230484
Costa Rica -87.09465 -11.216818 -82.555992 -5.499074
Cuba -84.957428 -23.283781 -74.131775 -19.828083
Distrito Federal -48.278786 15.501518 -47.761871 15.74556
Dominica -61.484108 -15.631809 -61.356441 -15.443095
Dominican Rep -72.003487 -19.929859 -68.32 -17.470091
Ecuador -92.010773 -1.664773 -75.184586 4.998823
El Salvador -90.128662 -14.445067 -87.692162 -13.148679
Espirito Santo -41.875771 17.87862 -40.694012 18.808361
Falkland Islands -61.345192 51.014946 -57.712486 52.900581
French Guiana -54.542511 -5.776496 -51.613949 -2.127094
Goias -53.246719 5.159058 -45.755768 19.502462
Guatemala -92.241493 -17.81522 -88.223198 -13.737301
Guyana -61.396271 -8.557567 -56.480251 -1.17508
Haiti -74.478584 -20.087822 -72.178177 -18.054623
Honduras -89.350792 -16.510256 -83.155403 -12.982411
Jamaica -78.366638 -18.526976 -77.041016 -17.856556
Litigated Zone -57.086761 2.009806 -56.734798 2.404977
maranhao -48.738865 1.070559 -41.792542 10.312503
Mato Grosso -61.518631 7.340044 -57.444637 12.191358
Minas Gerais -51.037621 14.238458 -46.417141 18.441359
Nicaragua -87.690308 -15.025909 -82.592072 -10.707543
Panama -83.051445 -9.644431 -77.17411 -7.197906
Para -58.970173 -2.632479 -46.049419 9.84381
Paraguay -62.647076 19.294041 -57.767132 23.441359
Paraiba -38.791027 6.054674 -36.828537 7.092804
Parana -54.616745 22.514378 -48.019218 26.623301
Pernambuco -41.366863 7.271599 -34.809029 9.481177
Peru -81.326744 0.012977 -68.677986 18.349728
Piaui -45.992908 2.750573 -42.548035 7.191358
Puerto Rico -67.942726 -18.520166 -65.219986 -17.883045
Rio De Janeiro -44.882027 20.767902 -41.018909 23.235016
Rondonia -66.797073 7.980502 -63.452095 10.493793
Roraima -64.641747 -5.264877 -62.116791 -2.897906
Santa Catarina -53.831455 25.967865 -48.326485 29.348238
Sao Paulo -53.176006 19.791563 -44.166389 25.239639
Sergipe -38.249882 9.523548 -36.404003 11.564661
Surinam -58.086563 -6.004546 -53.977493 -1.831145
Uruguay -58.442722 30.082224 -53.073933 34.980816
Venezuela -73.374313 -12.201903 -59.80378 -0.743681
earth -180.000061 -83.627419 180 55.979496
